# === Horse Wireframe Demo ===
#   Required Dimension: 3
#   Lines: 125



# body
50 100 100 -50 100 100
50 100 100 50 30 170
50 100 100 50 -40 -40
-50 100 100 -50 30 170
-50 100 100 -50 -40 -40
50 -40 -40 -50 -40 -40
50 30 170 -50 30 170
-50 -40 -40 -50 -110 30
-50 -110 30 50 -110 30
-50 -110 30 -50 30 170
50 -40 -40 50 -110 30
50 -110 30 50 30 170



# tail
0 -40 -40 0 -160 -60
0 -50 -30 0 -180 -30
0 -180 -30 0 -160 -60



# front legs
40 40 160 40 20 220
40 20 220 40 -50 240
40 -50 240 40 -70 230
40 10 150 40 0 200
40 -70 230 40 -60 210
40 -60 210 40 -50 215
40 -50 215 40 0 200
20 40 160 20 20 220
20 20 220 20 -50 240
20 -50 240 20 -70 230
20 10 150 20 0 200
20 -70 230 20 -60 210
20 -60 210 20 -50 215
20 -50 215 20 0 200
40 20 220 20 20 220
40 -50 240 20 -50 240
40 -70 230 20 -70 230
40 0 200 20 0 200
40 -60 210 20 -60 210
40 -50 215 20 -50 215

-40 40 160 -40 35 220
-40 35 220 -40 20 280
-40 20 280 -40 10 300
-40 10 150 -40 10 210
-40 10 300 -40 -10 290
-40 -10 290 -40 0 270
-40 0 270 -40 10 210
-20 40 160 -20 35 220
-20 35 220 -20 20 280
-20 20 280 -20 10 300
-20 10 150 -20 10 210
-20 10 300 -20 -10 290
-20 -10 290 -20 0 270
-20 0 270 -20 10 210
-40 35 220 -20 35 220
-40 20 280 -20 20 280
-40 10 300 -20 10 300
-40 10 210 -20 10 210
-40 -10 290 -20 -10 290
-40 0 270 -20 0 270



# back legs
40 -60 80 40 -140 100
40 -140 100 40 -180 65
40 -180 65 40 -210 90
40 -110 30 40 -140 60
40 -210 90 40 -210 70
40 -210 70 40 -190 40
40 -190 40 40 -140 60
20 -70 80 20 -140 100
20 -140 100 20 -180 65
20 -180 65 20 -210 90
20 -110 30 20 -140 60
20 -210 90 20 -210 70
20 -210 70 20 -190 40
20 -190 40 20 -140 60
40 -140 100 20 -140 100
40 -180 65 20 -180 65
40 -210 90 20 -210 90
40 -140 60 20 -140 60
40 -210 70 20 -210 70
40 -190 40 20 -190 40

-40 -60 80 -40 -140 100
-40 -140 100 -40 -180 65
-40 -180 65 -40 -210 90
-40 -110 30 -40 -140 60
-40 -210 90 -40 -210 70
-40 -210 70 -40 -190 40
-40 -190 40 -40 -140 60
-20 -70 80 -20 -140 100
-20 -140 100 -20 -180 65
-20 -180 65 -20 -210 90
-20 -110 30 -20 -140 60
-20 -210 90 -20 -210 70
-20 -210 70 -20 -190 40
-20 -190 40 -20 -140 60
-40 -140 100 -20 -140 100
-40 -180 65 -20 -180 65
-40 -210 90 -20 -210 90
-40 -140 60 -20 -140 60
-40 -210 70 -20 -210 70
-40 -190 40 -20 -190 40



# neck
40 60 140 25 130 130
25 130 130 25 170 140
-40 60 140 -25 130 130
-25 130 130 -25 170 140
40 40 40 25 130 60
25 130 60 25 190 100
-40 40 40 -25 130 60
-25 130 60 -25 190 100



# head
30 170 120 30 200 90
30 170 120 30 170 200
30 200 90 30 230 90
30 230 90 30 230 120
30 230 120 30 190 200
30 190 200 30 170 200
-30 170 120 -30 200 90
-30 170 120 -30 170 200
-30 200 90 -30 230 90
-30 230 90 -30 230 120
-30 230 120 -30 190 200
-30 190 200 -30 170 200
30 200 90 -30 200 90
30 170 200 -30 170 200
30 230 90 -30 230 90
30 230 120 -30 230 120
30 190 200 -30 190 200
30 170 200 -30 170 200



# ears
25 230 100 25 250 80
25 250 80 25 220 90
-25 230 100 -25 250 80
-25 250 80 -25 220 90